L1_NGC-DA [127 20 22] 
L1_NGC-SA [127 20 22] 
L1_HAC [138 70 31]
L1_DAC [138 70 31]
L1_LAC [138 70 31]
L1_SAC [138 70 31]
L23_MC [245 234 20] 
L23_BTC [124 39 125]
L23_DBC [11 128 64]
L23_BP [134 204 232]
L23_NGC [127 20 22] 
L23_LBC [57 83 163]
L23_NBC [57 83 163]
L23_SBC [57 83 163] 
L23_ChC [249 163 26]
L4_TPC [232 32 36] 
L4_UPC [232 32 36] 
L4_SS [184 82 158] 
L4_MC [245 234 20]
L4_BTC [124 39 125]
L4_DBC [11 124 68] 
L4_BP [134 204 232]
L4_NGC [127 20 22] 
L4_LBC [57 83 163]
L4_NBC [57 83 163]
L4_SBC [57 83 163]
L4_ChC [249 163 26]
L5_TPC:A [232 32 36] 
L5_TPC:B [232 32 36] 
L5_TPC:C [232 32 36] 
L5_UPC [232 32 36] 
L5_MC [245 234 20]
L5_BTC [124 39 125]
L5_DBC [11 124 68]
L5_BP [134 204 232]
L5_NGC [127 20 22] 
L5_LBC [57 83 163]
L5_NBC [57 83 163]
L5_SBC [57 83 163]
L5_ChC [249 163 26]
L6_TPC:A [232 32 36] 
L6_TPC:C [232 32 36] 
L6_HPC [232 32 36] 
L6_IPC [232 32 36] 
L6_BPC [232 32 36]
L6_UPC [232 32 36] 
L6_MC [245 234 20]
L6_BTC [124 39 125]
L6_DBC [11 124 68]
L6_BP [134 204 232]
L6_NGC [127 20 22] 
L6_LBC [57 83 163]
L6_NBC [57 83 163]
L6_SBC [57 83 163]
L6_ChC [249 163 26]
L2_TPC:A [232 32 36] 
L3_TPC:C [232 32 36] 
L3_TPC:A [232 32 36] 
L2_TPC:B [232 32 36]
