400
-0.000008
0.000000
1.343591
0.006770
0.005039
1.350319
0.006770
0.006592
412
-0.000018
0.000000
1.342494
0.004805
0.004439
1.349193
0.004805
0.005804
442
-0.000018
0.000000
1.340163
0.006773
0.003291
1.346795
0.006773
0.004296
490
-0.000032
-0.000002
1.337312
0.015000
0.002131
1.343855
0.014946
0.002774
510
0.000054
-0.000001
1.336350
0.033150
0.001802
1.342860
0.033109
0.002343
556
-0.000044
0.000007
1.334489
0.061867
0.001257
1.340934
0.062103
0.001631
560
-0.000059
0.000007
1.334347
0.063800
0.001220
1.340786
0.064038
0.001583
620
0.000516
0.000054
1.332475
0.275500
0.000800
1.338844
0.277404
0.001035
660
0.000054
-0.000015
1.331449
0.410000
0.000618
1.337778
0.409472
0.000798
666
0.000039
0.000018
1.331307
0.431333
0.000595
1.337631
0.431946
0.000769
674
-0.000192
0.000008
1.331122
0.448000
0.000567
1.337439
0.448273
0.000732
682
-0.000406
-0.000036
1.330942
0.473667
0.000540
1.337252
0.472393
0.000697
708
0.001140
-0.000232
1.330387
0.789754
0.000463
1.336676
0.781620
0.000597
754
0.006439
0.000596
1.329505
2.626020
0.000357
1.335759
2.646880
0.000460
762
0.002335
0.000579
1.329363
2.599933
0.000342
1.335611
2.620185
0.000440
764
0.001406
0.000567
1.329328
2.588467
0.000338
1.335574
2.608315
0.000436
766
0.000549
0.000542
1.329293
2.577000
0.000335
1.335538
2.595974
0.000431
778
-0.003554
0.000323
1.329088
2.321600
0.000314
1.335325
2.332913
0.000404
866
-0.001399
-0.000455
1.327857
5.194150
0.000203
1.334080
5.178232
0.000260
